40 20
20 40
60 20
20 70
90 20
490 20
560 70
540 20
560 40
520 20
110 20
470 20
130 20
450 20
150 20
430 20
170 20
410 20
250 20
340 20
190 20
360 20
230 20
210 20
380 20
110 70
270 70
320 70
320 50
270 50
110 50
20 90
90 90
40 90
60 90
560 90
490 90
540 90
520 90
470 50
470 70
110 90
470 90
130 90
450 90
200 90
390 90
270 90
320 90
150 90
430 90
170 90
410 90
250 90
340 90
220 90
370 90
20 120
560 120
40 140
90 140
490 140
540 140
60 140
520 140
110 140
470 140
110 110
470 110
140 160
440 160
200 120
390 120
180 140
400 140
380 140
200 140
230 140
350 140
250 140
330 140
310 140
270 140
290 140
20 200
20 160
20 180
560 200
560 160
560 180
160 160
420 160
210 160
370 160
160 200
420 200
160 180
420 180
210 190
370 190
230 190
350 190
260 220
320 220
20 220
560 220
90 220
490 220
160 220
420 220
70 220
110 220
470 220
510 220
50 220
530 220
130 220
450 220
20 240
20 280
20 260
560 280
560 240
560 260
90 240
90 260
90 280
490 240
490 260
490 280
70 260
510 260
130 260
110 260
450 260
470 260
160 280
210 280
290 280
370 280
420 280
160 240
160 260
370 260
420 260
420 240
210 260
290 260
290 240
210 240
370 240
260 240
320 240
240 240
340 240
40 300
90 300
70 300
120 300
540 300
490 300
510 300
460 300
160 300
420 300
210 300
140 300
440 300
190 300
370 300
390 300
270 300
310 300
230 300
350 300
250 300
330 300
120 350
460 350
290 350
290 320
120 320
210 320
370 320
460 320
120 370
210 370
290 370
370 370
460 370
100 370
480 370
80 370
60 370
40 370
540 370
500 370
520 370
190 370
140 370
160 370
390 370
440 370
420 370
230 370
270 370
250 370
350 370
310 370
330 370
120 390
460 390
210 390
370 390
120 420
460 420
210 420
370 420
120 440
460 440
150 440
430 440
170 440
170 420
190 420
410 440
390 420
410 420
210 470
370 470
190 470
390 470
210 450
370 450
230 470
350 470
250 470
330 470
270 470
310 470
20 440
560 440
100 440
480 440
40 440
540 440
80 440
500 440
60 440
520 440
210 500
370 500
20 480
20 460
120 480
120 460
460 480
560 480
460 460
560 460
20 500
120 500
460 500
560 500
40 500
540 500
100 500
480 500
60 500
520 500
80 500
500 500
320 520
260 520
210 520
370 520
240 520
340 520
460 520
120 520
560 520
20 520
140 520
440 520
190 520
390 520
170 520
410 520
260 540
320 540
20 570
120 570
20 540
120 540
460 570
460 540
560 540
560 570
70 570
510 570
290 590
20 590
560 590
70 590
510 590
120 590
460 590
260 590
320 590
50 590
90 590
490 590
530 590
140 590
240 590
440 590
340 590
220 590
360 590
160 590
420 590
200 590
380 590
180 590
400 590
290 610
20 610
560 610
20 660
290 660
20 640
290 640
560 660
560 640
20 680
100 680
150 680
430 680
480 680
80 680
40 680
560 680
540 680
500 680
20 760
100 760
40 760
80 760
560 760
480 760
500 760
540 760
100 700
20 700
20 740
20 720
100 740
100 720
480 700
480 740
480 720
560 740
560 700
560 720
130 680
450 680
270 680
310 680
410 680
170 680
250 680
330 680
190 680
390 680
210 680
370 680
230 680
350 680
150 760
430 760
150 700
290 700
430 700
150 740
430 740
290 740
150 720
290 720
430 720
270 760
310 760
170 760
410 760
250 760
330 760
230 760
350 760
210 760
190 760
370 760
390 760