10 10
10 20
10 30
10 40
10 50
10 60
10 70
10 80
10 90
10 100
10 110
10 120
10 130
10 140
10 150
10 160
10 170
10 180
10 190
10 200
10 210
10 220
10 230
10 240
10 250
10 260
10 270
10 280
10 290
10 300
10 310
10 320
10 360
10 370
10 380
10 390
10 430
10 440
10 450
10 460
10 470
10 480
10 490
10 500
10 510
10 520
10 530
10 540
10 550
10 560
10 570
10 580
10 590
10 600
10 610
10 620
10 630
10 640
10 650
10 660
10 670
10 680
10 690
10 700
10 710
10 720
10 730
10 740
10 750
10 760
10 770
10 780
20 10
20 320
20 360
20 390
20 430
20 780
30 10
30 320
30 360
30 390
30 430
30 780
40 10
40 40
40 50
40 60
40 70
40 80
40 110
40 120
40 130
40 160
40 170
40 180
40 190
40 200
40 210
40 240
40 250
40 260
40 270
40 280
40 290
40 320
40 360
40 390
40 430
40 460
40 470
40 480
40 490
40 520
40 530
40 540
40 550
40 560
40 570
40 580
40 610
40 620
40 630
40 640
40 650
40 660
40 670
40 700
40 710
40 720
40 730
40 740
40 750
40 780
50 10
50 40
50 80
50 110
50 130
50 160
50 210
50 240
50 250
50 280
50 290
50 320
50 360
50 390
50 430
50 460
50 490
50 520
50 580
50 610
50 670
50 700
50 750
50 780
60 10
60 40
60 80
60 110
60 130
60 160
60 210
60 240
60 250
60 280
60 290
60 320
60 360
60 390
60 430
60 460
60 490
60 520
60 540
60 550
60 560
60 570
60 580
60 610
60 670
60 700
60 750
60 780
70 10
70 40
70 80
70 110
70 130
70 160
70 210
70 240
70 250
70 280
70 290
70 320
70 360
70 390
70 430
70 460
70 490
70 520
70 540
70 610
70 670
70 700
70 750
70 780
80 10
80 40
80 80
80 110
80 130
80 160
80 210
80 240
80 250
80 280
80 290
80 320
80 360
80 390
80 430
80 460
80 490
80 520
80 540
80 610
80 670
80 700
80 750
80 780
90 10
90 40
90 80
90 110
90 130
90 160
90 210
90 320
90 360
90 390
90 430
90 460
90 490
90 520
90 540
90 550
90 560
90 570
90 580
90 610
90 670
90 700
90 710
90 720
90 730
90 740
90 750
90 780
100 10
100 40
100 50
100 60
100 70
100 80
100 110
100 120
100 130
100 160
100 170
100 180
100 210
100 320
100 360
100 390
100 430
100 460
100 490
100 520
100 580
100 610
100 670
100 780
110 10
110 180
110 210
110 240
110 250
110 280
110 290
110 320
110 330
110 340
110 350
110 360
110 390
110 400
110 410
110 420
110 430
110 460
110 470
110 480
110 490
110 520
110 530
110 540
110 550
110 560
110 570
110 580
110 610
110 670
110 780
120 10
120 180
120 210
120 240
120 250
120 280
120 290
120 610
120 670
120 700
120 710
120 720
120 730
120 740
120 750
120 760
120 770
120 780
130 10
130 40
130 50
130 60
130 70
130 80
130 110
130 120
130 130
130 140
130 150
130 180
130 210
130 240
130 250
130 280
130 290
130 610
130 670
130 700
140 10
140 40
140 80
140 110
140 150
140 180
140 210
140 240
140 250
140 280
140 290
140 320
140 330
140 340
140 350
140 360
140 390
140 400
140 410
140 420
140 430
140 460
140 470
140 480
140 490
140 500
140 510
140 540
140 550
140 560
140 570
140 580
140 610
140 670
140 700
140 710
140 720
140 730
140 740
140 750
140 760
140 770
140 780
150 10
150 40
150 80
150 110
150 130
150 140
150 150
150 180
150 190
150 200
150 210
150 240
150 250
150 260
150 270
150 280
150 290
150 320
150 360
150 390
150 430
150 460
150 510
150 540
150 580
150 610
150 670
150 780
160 10
160 40
160 80
160 110
160 130
160 320
160 360
160 390
160 410
160 420
160 430
160 460
160 470
160 480
160 490
160 510
160 540
160 580
160 610
160 670
160 780
170 10
170 40
170 80
170 110
170 130
170 320
170 360
170 390
170 410
170 490
170 510
170 540
170 580
170 610
170 670
170 700
170 710
170 720
170 730
170 740
170 750
170 780
180 10
180 40
180 80
180 110
180 130
180 160
180 170
180 180
180 190
180 200
180 210
180 220
180 230
180 240
180 250
180 260
180 270
180 280
180 290
180 320
180 360
180 390
180 410
180 490
180 510
180 540
180 580
180 610
180 670
180 700
180 750
180 780
190 10
190 40
190 80
190 110
190 120
190 130
190 160
190 290
190 320
190 360
190 390
190 410
190 440
190 450
190 460
190 490
190 510
190 540
190 580
190 610
190 670
190 700
190 750
190 780
200 10
200 40
200 80
200 160
200 170
200 180
200 190
200 200
200 210
200 230
200 240
200 250
200 260
200 270
200 280
200 290
200 320
200 330
200 340
200 350
200 360
200 390
200 400
200 410
200 440
200 450
200 460
200 490
200 500
200 510
200 540
200 580
200 610
200 670
200 700
200 750
200 780
210 10
210 40
210 80
210 210
210 230
210 540
210 580
210 610
210 670
210 700
210 750
210 780
220 10
220 40
220 80
220 110
220 120
220 130
220 210
220 230
220 540
220 580
220 610
220 670
220 700
220 750
220 780
230 10
230 40
230 80
230 110
230 130
230 160
230 170
230 180
230 210
230 230
230 260
230 270
230 280
230 290
230 320
230 330
230 340
230 350
230 360
230 390
230 400
230 410
230 420
230 430
230 440
230 450
230 460
230 490
230 500
230 510
230 540
230 580
230 610
230 670
230 700
230 750
230 780
240 10
240 40
240 80
240 110
240 130
240 160
240 180
240 210
240 230
240 260
240 290
240 320
240 360
240 390
240 460
240 490
240 510
240 540
240 580
240 610
240 670
240 700
240 750
240 780
250 10
250 40
250 80
250 110
250 130
250 160
250 180
250 210
250 220
250 230
250 260
250 290
250 320
250 360
250 390
250 460
250 490
250 510
250 540
250 550
250 560
250 570
250 580
250 610
250 670
250 700
250 750
250 780
260 10
260 40
260 50
260 60
260 70
260 80
260 110
260 130
260 160
260 180
260 260
260 290
260 320
260 360
260 390
260 460
260 490
260 510
260 610
260 670
260 700
260 750
260 780
270 10
270 110
270 130
270 160
270 180
270 260
270 290
270 320
270 360
270 390
270 460
270 490
270 510
270 610
270 670
270 700
270 750
270 780
280 10
280 110
280 130
280 160
280 180
280 190
280 200
280 210
280 220
280 230
280 260
280 270
280 280
280 290
280 320
280 330
280 340
280 350
280 360
280 390
280 460
280 490
280 510
280 520
280 530
280 540
280 550
280 560
280 570
280 580
280 610
280 620
280 630
280 640
280 650
280 660
280 670
280 700
280 710
280 720
280 730
280 740
280 750
280 780
290 10
290 20
290 30
290 40
290 50
290 60
290 90
290 100
290 110
290 130
290 160
290 230
290 460
290 490
290 580
290 780
300 60
300 90
300 130
300 160
300 230
300 460
300 490
300 580
300 780
310 10
310 20
310 30
310 40
310 50
310 60
310 90
310 100
310 110
310 130
310 160
310 180
310 190
310 200
310 210
310 220
310 230
310 260
310 270
310 280
310 290
310 320
310 330
310 340
310 350
310 360
310 390
310 460
310 490
310 510
310 520
310 530
310 540
310 550
310 560
310 570
310 580
310 610
310 620
310 630
310 640
310 650
310 660
310 670
310 700
310 710
310 720
310 730
310 740
310 750
310 780
320 10
320 110
320 130
320 160
320 180
320 260
320 290
320 320
320 360
320 390
320 460
320 490
320 510
320 610
320 670
320 700
320 750
320 780
330 10
330 110
330 130
330 160
330 180
330 260
330 290
330 320
330 360
330 390
330 460
330 490
330 510
330 610
330 670
330 700
330 750
330 780
340 10
340 40
340 50
340 60
340 70
340 80
340 110
340 130
340 160
340 180
340 210
340 220
340 230
340 260
340 290
340 320
340 360
340 390
340 460
340 490
340 510
340 540
340 550
340 560
340 570
340 580
340 610
340 670
340 700
340 750
340 780
350 10
350 40
350 80
350 110
350 130
350 160
350 180
350 210
350 230
350 260
350 290
350 320
350 360
350 390
350 460
350 490
350 510
350 540
350 580
350 610
350 670
350 700
350 750
350 780
360 10
360 40
360 80
360 110
360 130
360 160
360 170
360 180
360 210
360 230
360 260
360 270
360 280
360 290
360 320
360 330
360 340
360 350
360 360
360 390
360 400
360 410
360 420
360 430
360 440
360 450
360 460
360 490
360 500
360 510
360 540
360 580
360 610
360 670
360 700
360 750
360 780
370 10
370 40
370 80
370 110
370 130
370 210
370 230
370 540
370 580
370 610
370 670
370 700
370 750
370 780
380 10
380 40
380 80
380 110
380 120
380 130
380 210
380 230
380 540
380 580
380 610
380 670
380 700
380 750
380 780
390 10
390 40
390 80
390 160
390 170
390 180
390 190
390 200
390 210
390 230
390 240
390 250
390 260
390 270
390 280
390 290
390 320
390 330
390 340
390 350
390 360
390 390
390 400
390 410
390 440
390 450
390 460
390 490
390 500
390 510
390 540
390 580
390 610
390 670
390 700
390 750
390 780
400 10
400 40
400 80
400 160
400 290
400 320
400 360
400 390
400 410
400 440
400 450
400 460
400 490
400 510
400 540
400 580
400 610
400 670
400 700
400 750
400 780
410 10
410 40
410 80
410 110
410 120
410 130
410 160
410 170
410 180
410 190
410 200
410 210
410 220
410 230
410 240
410 250
410 260
410 270
410 280
410 290
410 320
410 360
410 390
410 410
410 490
410 510
410 540
410 580
410 610
410 670
410 700
410 750
410 780
420 10
420 40
420 80
420 110
420 130
420 320
420 360
420 390
420 410
420 490
420 510
420 540
420 580
420 610
420 670
420 700
420 710
420 720
420 730
420 740
420 750
420 780
430 10
430 40
430 80
430 110
430 130
430 320
430 360
430 390
430 410
430 420
430 430
430 460
430 470
430 480
430 490
430 510
430 540
430 580
430 610
430 670
430 780
440 10
440 40
440 80
440 110
440 130
440 140
440 150
440 180
440 190
440 200
440 210
440 240
440 250
440 260
440 270
440 280
440 290
440 320
440 360
440 390
440 430
440 460
440 510
440 540
440 580
440 610
440 670
440 780
450 10
450 40
450 80
450 110
450 150
450 180
450 210
450 240
450 250
450 280
450 290
450 320
450 330
450 340
450 350
450 360
450 390
450 400
450 410
450 420
450 430
450 460
450 470
450 480
450 490
450 500
450 510
450 540
450 550
450 560
450 570
450 580
450 610
450 670
450 700
450 710
450 720
450 730
450 740
450 750
450 760
450 770
450 780
460 10
460 40
460 50
460 60
460 70
460 80
460 110
460 120
460 130
460 140
460 150
460 180
460 210
460 240
460 250
460 280
460 290
460 610
460 670
460 700
470 10
470 180
470 210
470 240
470 250
470 280
470 290
470 610
470 670
470 700
470 710
470 720
470 730
470 740
470 750
470 760
470 770
470 780
480 10
480 180
480 210
480 240
480 250
480 280
480 290
480 320
480 330
480 340
480 350
480 360
480 390
480 400
480 410
480 420
480 430
480 460
480 470
480 480
480 490
480 520
480 530
480 540
480 550
480 560
480 570
480 580
480 610
480 670
480 780
490 10
490 40
490 50
490 60
490 70
490 80
490 110
490 120
490 130
490 160
490 170
490 180
490 210
490 320
490 360
490 390
490 430
490 460
490 490
490 520
490 580
490 610
490 670
490 780
500 10
500 40
500 80
500 110
500 130
500 160
500 210
500 320
500 360
500 390
500 430
500 460
500 490
500 520
500 540
500 550
500 560
500 570
500 580
500 610
500 670
500 700
500 710
500 720
500 730
500 740
500 750
500 780
510 10
510 40
510 80
510 110
510 130
510 160
510 210
510 240
510 250
510 280
510 290
510 320
510 360
510 390
510 430
510 460
510 490
510 520
510 540
510 610
510 670
510 700
510 750
510 780
520 10
520 40
520 80
520 110
520 130
520 160
520 210
520 240
520 250
520 280
520 290
520 320
520 360
520 390
520 430
520 460
520 490
520 520
520 540
520 610
520 670
520 700
520 750
520 780
530 10
530 40
530 80
530 110
530 130
530 160
530 210
530 240
530 250
530 280
530 290
530 320
530 360
530 390
530 430
530 460
530 490
530 520
530 540
530 550
530 560
530 570
530 580
530 610
530 670
530 700
530 750
530 780
540 10
540 40
540 80
540 110
540 130
540 160
540 210
540 240
540 250
540 280
540 290
540 320
540 360
540 390
540 430
540 460
540 490
540 520
540 580
540 610
540 670
540 700
540 750
540 780
550 10
550 40
550 50
550 60
550 70
550 80
550 110
550 120
550 130
550 160
550 170
550 180
550 190
550 200
550 210
550 240
550 250
550 260
550 270
550 280
550 290
550 320
550 360
550 390
550 430
550 460
550 470
550 480
550 490
550 520
550 530
550 540
550 550
550 560
550 570
550 580
550 610
550 620
550 630
550 640
550 650
550 660
550 670
550 700
550 710
550 720
550 730
550 740
550 750
550 780
560 10
560 320
560 360
560 390
560 430
560 780
570 10
570 320
570 360
570 390
570 430
570 780
580 10
580 20
580 30
580 40
580 50
580 60
580 70
580 80
580 90
580 100
580 110
580 120
580 130
580 140
580 150
580 160
580 170
580 180
580 190
580 200
580 210
580 220
580 230
580 240
580 250
580 260
580 270
580 280
580 290
580 300
580 310
580 320
580 360
580 370
580 380
580 390
580 430
580 440
580 450
580 460
580 470
580 480
580 490
580 500
580 510
580 520
580 530
580 540
580 550
580 560
580 570
580 580
580 590
580 600
580 610
580 620
580 630
580 640
580 650
580 660
580 670
580 680
580 690
580 700
580 710
580 720
580 730
580 740
580 750
580 760
580 770
580 780
300 390
290 390